2676
2091
828
284
3557
3129
1445
5103
4210
2857
3283
3945
2057
2005
1272
4121
3173
1545
4066
2353
2114
2634
4774
5223
12
1620
1030
4597
857
3695
2835
2739
3961
6072
6008
352
2484
3928
3220
4129
4887
915
317
4437
688
4157
5604
98
1345
2898
5397
1417
2680
2937
1793
3602
4249
1320
3505
1422
5516
3864
3367
5098
389
5295
631
1993
1330
5491
2813
5266
2358
4400
1059
1154
2440
4302
1251
5940
2666
4083
4729
5456
3199
2189
3352
263
3388
1160
3742
4928
3669
559
2848
5765
3517
3195
5282
1022
1661
5052
1476
2080
5183
1585
4117
3847
5268
6216
4717
87
5218
4256
1410
1282
4661
3301
5250
3207
2726
6088
1100
3399
5253
4148
278
5987
5384
4632
157
1686
482
1583
4721
418
3896
4385
1631
3540
6112
2781
6030
4022
1449
520
5076
4909
636
5595
71
937
914
5805
4380
3315
6039
410
3430
5681
1090
3870
4784
6272
4406
3282
5029
4398
3651
4809
2025
1322
2773
1881
5298
346
4983
5318
6079
3432
1682
5942
833
116
4657
1908
1696
1125
1423
3876
223
4708
4664
5935
2086
3795
4241
5928
3735
21
3515
1669
4904
8
1401
3899
5130
2459
6266
4533
4193
2598
4319
2250
3058
856
1552
1338
4445
2064
3109
1748
1910
5020
4234
2774
469
1424
5264
3436
4546
4930
5909
2913
4028
4925
3968
1921
5903
5552
923
1605
3047
1692
1933
1202
2399
2143
3212
1435
5279
359
1013
360
1014
3049
240
4524
2470
2275
1277
3786
4124
1082
1666
1198
1874
2615
3203
3501
2786
3043
1117
943
1430
1521
244
4355
5245
1284
5133
796
2454
6225
1453
5494
1991
6092
4019
2911
4607
1065
2346
4492
2921
2403
6099
3609
2061
496
3846
847
3882
4903
3424
4351
1186
239
306
4535
2528
2890
2208
467
3582
2094
5967
1706
1066
1258
1102
5882
2405
2257
3956
177
3509
3948
4802
3538
6138
4617
1156
746
4511
5560
4775
3955
1818
1233
1313
3391
4098
2372
1822
1642
3590
1153
3836
5760
3092
1336
4726
2562
463
5263
1169
2140
111
474
5767
4315
2824
4475
2846
4907
2886
1157
1080
2808
44
5350
1219
1414
3091
123
1537
678
2261
3480
1918
191
3830
953
3699
5476
2783
1619
5840
1861
3978
3559
4591
4052
218
277
3312
2368
3835
1
2700
6146
820
372
2159
2993
3277
511
5128
1827
4014
841
196
1275
142
1094
3478
1285
2425
4569
5073
4671
24
5658
5652
1172
1590
5240
2451
2522
2554
2953
2867
3658
2258
5369
4055
4404
4277
1205
1600
5085
4141
202
5823
2795
2628
374
594
3297
1135
6226
6057
6084
3877
4407
6241
1842
3586
2881
3987
1927
535
3536
1839
763
3376
1865
4435
3328
4570
1671
3261
6269
4188
2293
5289
333
6087
280
5833
3056
4496
2
3466
3373
4868
166
3575
661
114
5871
2988
5625
2817
6034
5432
2907
5032
3276
3865
298
3196
4035
2139
2520
4667
4847
5624
4419
1791
4414
5304
1046
5506
691
3514
2863
1626
1124
4366
879
2060
241
5396
3621
555
225
1810
245
5356
2016
5463
6045
304
2492
347
3320
1979
801
105
4336
5590
4101
5907
407
2228
1937
2908
5167
6028
4189
2925
2355
502
3615
741
2591
2264
2225
4269
2099
1379
6105
322
513
681
2119
336
3180
1879
3574
5065
2636
4274
1805
2489
2331
6239
2971
858
5091
2376
4517
4878
4087
5381
6151
1236
5445
3599
4696
1019
1412
4374
1873
5115
3831
2945
1639
2667
621
4337
5983
646
3829
1576
4232
695
3549
5842
4518
5256
5794
2414
2431
4683
3184
2343
1028
5409
2375
5699
3350
1007
5385
300
1341
4191
6094
2071
5479
1165
4796
5915
551
2691
5865
316
4436
1114
2877
2947
4097
5097
4662
3566
151
872
4844
4768
5762
652
2311
2859
5931
4603
4923
645
2897
6133
5580
2687
5977
4383
5529
4814
5095
4943
3227
3356
3339
5132
5160
4754
5912
3722
4736
1501
1722
4449
587
1033
2273
3471
5633
2588
1376
2629
1523
4693
6217
4769
752
2224
5599
3606
4677
5081
1183
3962
5707
1653
1658
2339
4135
3009
1281
4237
4422
4390
803
3780
5129
5181
948
80
6180
3752
6004
3868
1474
5108
90
6254
826
2237
424
4318
608
6210
3552
4725
2806
26
5606
1088
5022
6218
1311
4008
5796
3675
2949
1484
4009
143
3925
2494
364
2186
3581
2486
0
5180
3503
800
740
1989
2374
3604
2302
3568
3040
5033
580
4641
1757
2004
3838
2436
6010
2989
6107
4332
2912
556
960
4875
3342
3413
4103
1455
311
2648
4839
4964
1678
4354
4161
2232
2928
774
3200
750
5041
4296
546
192
5449
990
3099
5392
3357
5446
3942
5147
5148
4596
994
2564
1955
3543
3293
3627
273
1833
1978
3492
638
6115
6214
5778
663
4732
1150
5134
2759
4623
152
1056
680
421
4777
4070
5592
4567
5905
4996
3967
2150
3303
802
2612
4716
499
3767
1366
1480
1649
1201
3137
5498
2940
2241
3554
885
2683
2068
4675
3296
3701
5177
2568
3739
896
5416
3044
1162
3731
1465
3084
5201
5221
3073
3916
3107
707
3579
806
5487
577
2467
2172
5157
2805
1477
4766
5890
1763
3161
5740
3628
5135
1070
1460
5284
4
4843
2278
1212
2569
3205
770
5294
96
3449
2535
3260
370
4734
5084
4085
4881
4268
5541
5301
2559
1516
2365
3596
876
3959
3965
3327
2417
5163
722
2961
4443
5321
3848
6114
3188
5827
1926
4561
1214
1727
2347
917
4967
5472
4233
4899
2992
5547
4633
2904
2030
4513
6211
4156
3812
362
3720
1584
3160
1950
618
1390
5988
159
5149
5145
6131
3500
2487
3963
4172
3986
2558
4851
946
2976
4793
2910
4067
3597
5047
4457
3461
2581
980
5192
5204
2371
2129
197
5899
4531
5003
818
5980
1550
2018
1111
2411
3298
72
2288
4204
5209
5124
494
671
2642
2975
4857
5308
2885
3169
2999
2127
4165
1904
5
5565
4276
2108
3678
2524
965
1596
717
3496
4705
227
1922
156
4243
5542
1762
2381
703
4240
6038
2650
1355
5116
290
5402
1700
3266
2652
4472
4554
874
4776
6182
5433
919
1384
5510
470
233
5806
2056
3329
1809
5362
2669
2324
3542
265
4303
1546
5322
1047
2062
1158
3135
3936
4413
3381
6047
5008
531
5143
2211
1506
4089
2066
673
5692
2090
2234
6261
4525
521
4482
754
1776
1288
2527
1899
6178
1711
5025
5107
1381
434
1356
762
4916
45
5785
3068
212
4246
1092
4757
6222
2263
3639
4952
3204
3902
5853
5365
1798
2079
5539
4564
4749
2879
1744
4011
2043
5444
2298
837
1431
1328
1252
2534
6035
2698
6206
1834
2182
3843
4741
5868
3259
5309
3396
5807
1665
2137
4242
5556
328
1885
5015
1508
2181
2017
4132
4381
2645
1928
5195
4020
1889
3409
2279
3510
4184
4859
3183
4185
1893
3042
627
2308
1826
4167
5951
3689
6089
962
3125
4458
6246
747
2446
25
2742
3385
5457
4446
5594
361
2202
1176
3667
2574
5102
4608
154
5626
3632
1657
5507
6060
5152
1027
3512
3148
2730
1045
4872
1687
3594
5636
781
5934
2799
5960
2567
4712
4590
438
2797
3910
38
815
6169
867
3524
2187
4978
536
1697
3674
129
2731
4424
6009
3287
2688
1901
4377
2699
970
5174
2858
2767
373
3634
4940
1855
5549
4748
939
839
5727
5169
5876
1119
601
2144
1280
540
6238
3771
3992
3235
5317
1076
4893
3697
2510
3358
4411
1325
3458
2572
5839
5418
4606
6095
4692
2878
4582
4252
6023
878
4913
5325
716
4813
450
3757
3592
3336
1413
3897
5060
5964
2794
4622
246
532
2010
4219
2616
3206
2849
4974
2888
338
2587
1929
1333
3323
3741
4818
3940
3856
172
2493
1244
1946
1239
1400
2692
3624
5831
768
5682
122
1148
4215
6040
2974
136
5829
1337
1461
5779
480
1651
1623
1309
5741
955
2861
4976
1304
254
4835
150
1062
4595
1536
6183
2395
6253
519
864
426
2578
2946
392
441
1923
10
3903
3691
4387
567
4753
6007
1346
4982
160
2875
5994
1458
5454
2047
349
293
1174
3026
3921
582
6275
865
1273
2481
2539
760
3892
2643
3531
4057
4715
1689
4290
1182
4396
3394
2100
602
3171
1766
5203
5996
5155
149
3872
4293
117
1564
77
522
1377
6196
529
146
3022
1436
4058
1349
4102
6136
4702
3306
2762
3537
1003
4939
5019
2122
2184
5001
524
3988
1896
1654
4151
5974
3116
3221
5410
2986
3854
1434
4822
6050
3497
4718
6147
1825
396
4021
5671
2356
753
4506
5602
1745
5197
4522
375
1197
161
3182
1466
1608
2389
2475
4415
4360
119
1997
3226
2836
2716
4231
3284
266
76
3482
881
4820
812
5815
1448
4032
807
3354
4908
5123
1774
609
4852
42
6251
2393
2193
2694
54
4994
483
2583
507
327
4208
1194
323
728
4616
3437
2956
3325
4538
5641
3769
6228
797
2880
3253
1988
4500
2673
3370
247
3475
2341
343
5754
3648
2406
259
1208
3687
6132
1811
2825
4552
4138
3905
2499
675
3709
3404
1629
1184
558
1450
112
2329
2948
5828
1315
4080
433
4912
674
5848
399
213
1437
1011
2132
4886
3139
3050
5690
5653
827
4745
4853
2243
1049
268
5138
2804
1935
1964
3484
2677
5451
2603
692
2197
795
3793
3228
4034
226
5231
3407
6126
1702
3983
5056
3080
4421
595
4278
4960
59
5981
1295
3082
6083
898
3913
5878
4987
6053
5351
4223
1509
4536
5972
3705
2882
5900
4160
4367
3445
986
5448
2462
640
4493
5172
1215
5355
4573
811
5598
2638
5616
3572
3879
4282
2653
5986
1693
1191
6270
1211
4786
4353
5647
4349
4358
371
1464
973
2306
3612
500
6159
916
922
5644
4680
2967
5774
887
4980
3671
4211
2089
4995
3805
4434
1868
630
4214
5544
4613
2519
3989
3954
4648
3054
1612
3372
2661
395
2851
6020
5104
3791
4592
5046
6128
4811
1578
381
436
2373
5390
66
3451
6117
3090
1786
1703
719
5405
5792
4780
4917
2400
4201
6097
5898
5948
109
1487
5650
2266
3239
3460
4575
1761
600
596
4162
5258
17
4669
712
2892
4889
221
5886
31
3053
5419
1743
2718
19
1677
7
4321
4579
6119
1890
1177
5637
1388
2516
144
4096
705
2441
1529
2383
3455
5581
3419
6102
3652
1746
4417
6204
444
1016
991
2738
3547
429
5482
3761
1598
3939
5259
1674
4937
41
113
5675
4122
756
2873
3688
5242
4559
3907
5467
1110
408
829
1220
4639
5190
886
704
6012
1223
6068
5050
528
2412
2387
2551
5989
4998
3862
1037
2789
4804
390
905
342
2318
4226
4149
2246
4532
4260
2069
4460
3926
4658
3744
3685
4578
892
6019
3474
292
2862
1479
2401
4744
1784
2951
6110
287
5689
2990
1597
3310
2036
1415
2385
1749
5733
5933
5720
993
1405
2281
767
3976
2386
4660
5330
1499
572
512
1821
2284
2270
4728
4051
3794
5693
2754
5153
5185
725
5027
586
4253
5139
5299
2352
3145
1897
5478
1615
5505
4199
6123
5627
3155
2895
3975
5187
2729
4508
4830
4985
5206
2327
4969
82
3833
5945
27
1535
2106
5051
5030
4701
1524
4036
3004
2627
3775
3511
731
4808
2924
5357
3383
3384
4091
907
6273
5265
3673
1224
5772
3055
1980
3984
4216
585
2852
3869
2902
366
155
2552
2012
4038
2473
3840
1443
2037
5735
4178
4456
5260
5412
6046
4166
1853
4001
727
5156
2423
5359
4328
1199
3299
92
2834
2136
5527
4442
574
3997
4659
2577
686
5488
3032
5674
1093
737
3268
2235
755
5841
451
2649
3909
4790
2790
461
3214
2438
4556
4313
1441
3513
5262
4879
5664
5819
5812
2455
4589
5503
6184
3167
4155
5709
1771
4206
1143
6142
3491
4187
1432
1829
454
845
173
368
4153
5009
99
291
5850
186
2502
185
5526
4261
875
1882
5035
3664
5053
49
3755
2262
1375
165
4064
3452
4227
4409
2458
6237
1996
1801
4634
376
1628
65
2905
6256
2116
5667
1808
4581
305
4023
3428
2556
234
2531
610
4307
2457
2497
4086
3249
3935
5182
255
1782
6170
2065
3774
1145
697
4196
4873
3728
2788
1739
5000
3724
5059
3319
3176
2190
2328
2285
5773
4553
1069
4672
2242
4979
5683
5205
2422
4629
5005
5142
4430
4092
1290
2357
4910
5820
3819
6262
1326
790
3898
776
2710
724
1456
2938
6116
446
5621
4948
2501
4539
3089
475
1122
1021
3202
5395
2899
4364
4454
778
6279
4612
4012
1773
493
3435
791
2361
3017
3483
3389
1884
5024
4931
5550
1587
5612
2958
1097
1951
1495
377
4348
4794
4388
1262
2408
200
6247
2714
5703
1813
2465
5551
3307
5016
1254
5387
5963
599
730
5068
168
2040
1932
3999
1800
5198
5399
1068
1504
120
5447
5540
6156
3023
3545
4453
2042
942
2693
526
1544
5838
5490
6005
2798
606
1610
4207
5585
4806
3001
3291
5349
6143
2737
1930
1255
1469
560
3262
1425
1459
1688
804
4190
2141
1848
3393
3751
5100
3444
4831
2073
2548
1966
3433
2702
5345
5023
33
1367
1246
843
3251
5483
34
2954
3427
813
2979
3508
3765
413
616
3931
3415
3035
6139
5338
3269
2771
4043
2402
1981
3571
2078
1369
1558
4267
2985
2775
2002
3100
564
4637
5175
1840
1006
2213
5757
4918
5769
3470
3583
5586
1522
5044
4842
5656
930
3015
952
975
5761
2095
2996
2952
1319
3256
101
251
1518
325
2609
1103
3272
4494
3353
3973
205
64
2837
344
1359
2933
334
3949
623
3124
3333
983
4143
1323
5610
5509
617
5072
3745
3064
1961
4826
5070
5523
1468
1500
2053
4194
1530
5425
5508
4605
3580
882
1071
3826
3823
736
3174
2294
6195
5919
4026
3732
5329
5676
137
1081
3144
3548
3065
5924
1858
3702
3790
1063
1814
5512
3104
3591
3463
789
1860
3332
2314
3153
4833
570
3661
2435
465
238
6096
5054
1606
1492
1243
4571
198
4325
3894
3660
3852
63
4213
2991
5788
840
633
4528
855
2449
4127
5193
4433
1279
5086
6265
6029
4502
476
4631
427
1630
1446
2173
201
5574
5861
1675
1701
515
5332
2723
5371
2995
4448
4785
3804
2087
3626
2469
5199
332
5723
3995
2983
1977
5188
3390
4626
772
4697
3696
5793
3814
35
4451
2801
4643
6077
729
164
2050
3608
5112
5469
1819
5088
5893
5481
139
3224
1447
5992
378
5787
2865
982
3014
5208
3076
4288
4439
6160
1040
1527
5105
5331
1958
6061
3094
2026
3811
1128
1000
1741
419
1869
236
3191
4915
1514
384
5790
757
1557
545
3964
3300
3816
4956
4598
1209
666
822
5892
3858
2796
5136
5292
1679
5407
5725
4687
3379
2269
4921
4212
337
931
307
2392
1227
2734
992
248
5238
947
5401
1360
1370
6232
2561
321
5474
4640
4408
184
1294
622
696
4836
3698
4222
3952
3112
3817
4024
3746
2755
637
252
4346
3232
5422
3021
1647
498
821
3289
5379
3387
3446
2744
3479
5101
5189
4111
3247
5979
3576
4054
4373
91
125
3114
2521
604
2304
3468
5822
2067
5171
1195
4824
4177
5976
6165
2299
6192
2260
1609
2736
231
5591
3365
6166
1690
1984
3412
2960
1845
2291
2013
5731
4462
3166
3957
1888
472
1517
4604
3558
525
1636
5274
1866
2819
5968
5270
3347
4056
3156
2549
2870
5603
5233
1738
485
3756
4202
5496
4829
4341
6268
3640
2608
2611
4010
5576
3562
5164
4405
5691
2889
5531
6189
5954
4479
5376
1496
1348
2972
1542
1420
563
2670
5137
1852
3219
642
5875
386
3723
5728
6125
3360
3374
4855
4273
1164
5158
2413
3024
1503
2072
557
5953
270
902
1891
2592
3943
3211
2660
578
3138
5753
301
1039
4864
3670
217
3187
2195
996
4815
5640
1563
3275
2525
1256
1200
1742
6104
2097
4731
5366
1903
5191
5166
3106
256
4870
2826
5012
1291
452
4884
4642
2214
3250
4040
6048
5702
910
5854
5207
6066
4572
5872
6154
4999
5286
5094
5514
514
583
3677
3863
257
5780
4481
5966
4107
2625
5466
3915
5852
5336
1298
2916
3708
3345
2120
4951
3410
4259
428
216
5845
4258
2448
4100
1109
1483
1938
6176
2579
5752
1053
5464
4911
1555
1972
5283
732
1286
1680
1185
6213
3588
127
5587
5398
2802
4459
341
3618
1931
987
918
1418
3489
934
5225
5121
6069
5071
4821
5770
3985
4861
1357
3254
1310
4516
2518
1851
3078
3490
4542
3317
4710
5572
2215
5480
4078
4485
106
5808
1017
3472
1121
3334
4002
74
5696
2360
1520
5074
2164
2409
6071
2428
4470
5555
1830
5534
4412
3072
3842
615
1454
208
5393
3062
4401
158
1332
5914
1034
5120
888
1406
4782
5078
3880
5159
2679
2249
3011
2388
135
4171
5358
5114
4724
1841
1911
5465
3796
4679
5437
3886
3286
339
5844
3908
5354
5930
1721
5897
3270
2319
5087
6026
5226
1720
4638
2814
5216
6205
4730
5925
6252
5743
2155
4301
2620
1261
6236
1952
6003
2134
2433
5273
5388
1139
825
4834
4003
5584
3787
4507
1482
163
933
3326
3686
5944
5763
2966
1751
4586
2222
4551
895
1974
3813
1571
1175
3057
1386
3098
3523
4935
3853
5971
1732
854
4291
4041
1589
921
3382
2746
1054
5031
3417
1785
5553
5346
4933
909
189
954
2337
508
3240
5011
5917
2488
6231
2827
492
4682
2429
6049
2041
5654
2384
2300
3308
1764
3561
4698
3573
5781
1408
4480
927
5906
2595
4295
2810
1296
5501
823
6054
1871
2450
3469
2719
1152
264
5869
5210
3185
1726
3901
1664
1940
1507
5063
863
2662
2909
2637
4403
890
842
5817
2594
1467
5711
5290
6124
501
6215
6042
2590
2538
4466
1189
3753
4140
3440
771
1846
4095
689
2659
169
2028
1331
3292
6162
589
391
4159
4752
2268
3434
4668
3941
5870
3423
5352
2782
4200
4452
5635
3884
3917
2787
4061
1351
4270
134
3006
5380
2624
1733
1900
4395
1655
3083
880
4394
6101
5089
3069
2000
209
2287
6059
1685
3551
1561
4602
2125
3799
3706
3279
471
653
2088
4610
1828
4580
4065
4473
4647
4714
358
3821
1072
4771
4005
5426
5500
5037
5698
4429
5252
667
1708
4467
1051
5099
3759
1075
5605
30
1699
1913
5982
5732
2557
5340
4515
5411
2936
6081
3951
4342
3662
3783
2342
2575
4981
365
4262
2162
6202
6220
2474
6006
2724
404
1883
4880
4630
4670
4856
1307
3442
6264
4304
1916
382
1540
3532
5918
5524
4871
3441
3560
5694
3134
2466
1032
335
2023
2032
6223
2498
3273
649
5747
1886
3665
2777
1595
603
4133
5311
5485
1770
4375
107
538
6118
126
1797
5695
4045
2701
2752
5759
5079
355
565
121
3851
4962
543
2764
2380
4164
1009
2856
5276
6043
1712
3494
5092
3243
625
5255
5784
4615
1875
4651
2776
938
2105
4174
1232
5562
5726
2133
2256
5420
3704
4463
2747
2832
1707
1099
3773
3533
4770
3778
3031
4882
710
324
2530
3295
1042
5962
4197
36
356
6186
639
4953
242
3912
2194
5573
4706
6148
5904
3070
329
2841
2135
320
3520
1217
1324
4742
179
1491
5486
5131
1305
5173
4068
2077
4309
1475
2872
4017
228
5178
4284
1862
380
3635
3874
662
4862
2656
4016
425
1526
2083
3895
1939
1723
2614
4549
3193
2713
3535
4733
651
5956
5271
3649
3255
897
4495
4713
2345
9
2500
11
4990
2117
5368
6065
1835
5632
2709
2024
1768
60
2646
1058
2419
1026
1426
5889
5961
5665
3841
5146
5168
2632
3885
1126
3143
3577
2920
4030
2233
3369
1472
2994
2941
2131
1274
385
3157
5564
2188
1136
1795
3719
402
988
464
5639
249
5219
3066
2367
1196
5113
1799
2503
3126
4119
3966
5413
1663
4371
357
2984
4975
3025
5499
4691
5006
2151
3766
6158
1847
5394
3785
2334
1656
1098
743
5997
4941
1231
816
2831
1210
2390
1439
6122
2914
5722
4727
1399
5705
2240
6093
6209
2968
2363
5910
706
18
866
2513
2394
5200
2335
6024
219
3400
4050
1995
2104
611
1267
3930
1352
4027
5061
5630
6201
1031
97
5938
884
908
75
1193
2229
5045
5241
5327
4279
5891
1270
1218
4368
5713
489
1714
721
28
5328
2987
739
5140
4018
3110
3923
3569
319
5062
3229
4476
3117
3690
2631
2850
4750
3703
4676
1301
5497
5435
932
2313
5920
4665
3037
2887
5220
1572
605
4425
4131
1898
1334
2321
2543
2647
5716
232
1142
2547
5277
1850
2171
2655
193
6141
3189
6171
2722
5701
3806
118
3377
3059
3589
5622
4322
4497
1725
6070
4326
2508
3521
2838
2633
5623
2613
3123
2807
877
3493
5958
3617
4560
2932
1694
4312
1566
4347
3693
3120
1876
2840
3522
1586
3366
4126
1804
3453
2472
2784
4314
6032
288
2051
312
6100
523
2309
271
4112
4287
5947
3005
5648
4063
2154
5055
3714
3622
2930
1957
2965
4356
1905
5404
4075
5427
819
1240
2969
4306
4529
3947
5243
3030
5316
5337
3077
1621
4681
495
3168
2621
597
3578
5303
4772
4618
5895
5959
5677
1409
2515
5766
5069
4827
3593
1735
406
4168
3820
870
1314
5970
3002
2589
4936
443
2900
2271
4587
2205
3776
6022
3712
5374
2297
593
6282
439
6130
1565
3234
3020
3656
5186
58
458
5353
4255
5442
5421
1385
3448
2350
4478
4866
5347
3359
5297
3335
984
2317
442
459
276
1838
2396
1163
4343
6106
945
5151
5697
3018
6248
2267
5975
353
533
3809
2811
3822
2138
1287
4426
3061
2245
1607
1085
5246
2998
40
5969
282
4792
5535
3516
1778
1753
5730
862
1613
976
571
3871
592
5004
1292
4854
2566
3278
5363
2791
4797
1129
4636
860
1731
5049
3046
761
3788
4584
6027
4845
4783
4363
1373
4275
926
4763
3982
1515
5642
883
1146
2922
2377
3797
544
4989
629
1577
1271
6249
1138
2681
5389
548
1632
4527
5441
6140
773
3324
3209
2259
3625
167
3421
93
2964
1407
4247
1533
6207
4832
51
4361
4574
1289
720
478
590
5109
1222
3264
1283
1718
405
3974
2818
2200
2533
3866
4817
5475
3304
1300
5593
2733
1433
4711
462
124
2839
4289
1906
2617
3789
2523
1754
1668
4645
5162
5014
2059
1024
3904
5670
3801
3027
3081
5096
4993
394
5566
509
5378
3981
6280
1297
2792
1710
5080
5522
2255
3932
3364
2315
275
4965
542
3807
383
4957
3710
3481
1213
4378
3733
422
5685
1452
2868
4788
1155
3927
2344
3845
6111
3969
2570
4955
5923
2407
6174
3958
5439
1836
5786
2571
1269
3760
3792
237
2919
2359
145
3798
1802
3086
3839
1353
5423
5213
1078
2034
4136
5659
5234
6181
3348
1986
3911
56
3607
974
3217
3837
2009
4115
783
4840
4499
5122
4134
3495
2934
598
5515
3186
3683
1640
5821
4483
4920
4876
2844
2326
2544
1963
5154
935
1166
5922
2712
4248
4897
52
5511
411
5715
537
340
5571
1949
4846
2485
1637
2864
5818
1116
6175
2038
3368
2093
2444
4152
6173
4310
3245
3337
6242
4545
1203
267
486
3762
3274
3000
1428
624
6021
5028
2641
3844
3362
2166
647
4767
3223
3653
3630
4042
2338
296
5414
3159
5729
5125
5943
4444
4272
4169
3150
4758
2705
2607
5737
2461
2763
1403
1638
2253
1765
5319
5239
3210
3970
2860
4950
4649
4863
1575
5764
6011
2323
1133
2903
3633
861
1942
5863
4431
6157
5686
1684
1230
1015
2370
657
1087
4350
279
998
5800
726
3164
2684
4805
128
5082
1772
620
5678
677
4432
3439
3860
3808
6036
5443
141
2102
2410
3170
1091
1178
5533
5952
4340
4218
4601
1691
3487
1497
1473
5300
5281
1512
1936
1624
1646
110
3637
2651
5361
230
929
2504
2290
950
4555
1339
2619
810
3672
4139
1101
1502
4474
3128
792
5434
5867
5302
6082
4125
3103
1113
751
6263
3784
2003
4082
435
949
3611
2192
687
1907
3401
6134
4512
4372
2179
3248
5043
4250
708
5617
2480
787
2931
5021
1968
6137
683
2745
794
3343
4924
3818
1038
363
211
5614
554
3060
1857
3141
5569
5937
901
4505
2483
2600
4534
634
3857
3
4469
2663
562
460
4093
3873
2884
1380
2678
3230
5471
4954
1747
5106
3242
5222
1115
2001
1635
4761
5672
798
3218
968
4221
3403
3556
5704
3222
1755
3108
4624
89
3570
5776
1551
682
584
48
2021
4447
2274
1532
912
1837
4298
4673
303
1173
5862
5324
6103
951
3991
2348
3411
4968
5813
67
4229
852
782
3525
3598
1140
1392
3258
5305
5885
6056
3717
851
2668
5955
4635
3529
3456
4898
1206
314
904
3048
5855
6051
5736
1994
3623
4946
2644
5631
354
1025
3810
4869
4286
3707
2491
4703
5557
1567
5461
2565
181
5856
5026
1794
1599
5315
6260
5561
331
2152
2230
534
3175
1382
350
2973
3979
4644
894
5660
2833
4942
203
6091
2180
738
1894
5916
5748
4209
4074
588
5036
3828
5334
5257
180
4656
3280
1892
3721
995
6120
2118
4033
1505
2247
2432
5545
286
6267
2292
2584
831
178
2226
100
2185
3610
4600
5559
1363
3655
4399
5880
131
6152
5391
4619
2418
1560
4652
734
4283
516
6078
487
477
3051
5814
5607
3891
1849
4144
2602
4690
4384
457
3181
5708
5018
2756
1329
2430
3650
3530
735
1343
6014
745
5768
3681
4369
1547
6080
1844
4163
5228
2295
3450
1035
1970
3179
5618
655
5127
68
1617
503
3827
779
4389
2111
5666
5611
3192
3465
3950
153
3136
5261
1967
215
6230
5655
5176
2082
1815
4838
5859
2015
6085
785
1716
4158
4285
2597
3953
2178
4203
6276
1084
3462
1161
5429
2479
3666
793
1681
3101
4217
3919
1364
5202
3782
3265
2970
5111
4088
1358
749
3738
6258
431
3663
3149
3158
22
2204
1107
5830
1144
3201
6221
5832
6121
2842
5403
5601
672
3893
1580
1221
4251
1676
3363
88
2033
5034
2362
448
5184
4077
4557
553
6044
702
2076
4142
3177
4585
104
1730
1622
6064
5941
5927
2690
1362
748
3937
4798
3946
5093
3679
834
2443
999
4120
6145
977
4684
4225
1451
6190
5458
3309
1293
490
5608
220
1089
2935
4685
1429
3052
2923
3172
3039
2075
409
2427
4357
3888
3518
3246
4123
1574
2058
6255
1057
3132
3093
844
3113
3111
4906
2196
2265
2553
491
518
4130
5724
1652
5825
972
1023
4929
455
2901
4848
3162
4521
1975
229
4175
397
1660
456
4094
3087
4751
43
2277
4709
2478
1715
2618
3263
1643
4359
3918
2703
6155
3971
3734
4048
50
5810
3063
2770
1008
1728
4944
5714
3244
1229
2019
4565
5789
4891
5837
5237
5596
4986
4874
644
5406
1440
4577
4988
6058
2809
103
959
29
2218
2704
6098
367
4566
3378
3067
650
1641
5734
5884
447
2753
5816
1611
5921
1306
5936
1005
2545
37
3398
2555
3749
4787
3322
714
4037
5568
1673
713
2740
744
2296
893
5999
1112
86
900
1371
4743
222
4558
5965
4438
1750
5746
1579
3900
2464
3349
5984
2604
3237
3426
2340
6227
3154
1493
5314
2593
5039
6002
2639
4220
4238
654
5908
3642
4801
1543
6193
5251
4489
2803
3920
2227
4614
723
3694
4339
4062
5075
4666
2942
2471
302
1361
4700
2391
6185
4550
1127
5546
3459
2640
3316
5620
6075
4113
2008
835
1060
552
3425
5669
2929
2601
4819
1796
387
1073
3861
2158
1709
4029
3527
3620
1704
6149
2477
4271
4498
2397
2248
4292
2084
985
5227
2434
4723
2695
1368
5291
2829
2664
5126
1592
6052
1064
2769
5170
4885
5663
1096
4894
742
5575
214
6025
3122
6000
1029
5750
2869
6055
1249
1340
5932
1079
2490
5771
2720
1134
3631
351
2822
5428
4914
1713
2760
1824
1973
1494
6172
5536
5400
4576
3313
5913
5339
468
1263
5860
3252
4331
5744
4609
2816
4735
6090
445
2039
2191
4548
5873
5745
2823
4588
1237
814
3507
613
5307
1568
1050
2322
5452
4795
2221
4072
85
6277
5110
416
3587
978
4049
2845
5248
2585
1554
4338
2772
669
506
665
1001
5835
2918
2398
1488
5718
55
6229
2573
1225
4739
39
175
2815
79
4007
3727
5973
889
2121
648
2509
432
4182
1616
2675
4079
3041
3096
6168
1683
4919
1999
4264
4073
817
5489
6109
1971
3397
3878
2689
2715
46
449
2153
2874
6191
5468
4828
2606
4031
1783
1316
2854
195
568
1055
3330
2495
2732
2280
510
3477
5038
2955
2113
199
2505
4441
2007
2779
6278
3074
4181
1137
2725
5777
2447
5275
2939
6240
3147
3142
3429
2366
5950
440
2532
5993
1226
2223
5894
423
4971
4046
5382
635
5883
1924
5826
20
5179
2476
4707
2049
698
47
3355
379
4265
4239
3889
4423
6153
388
4901
2177
3131
2110
3085
1588
3616
1823
269
4945
1312
3420
3726
4746
5196
3855
2580
4991
210
3302
3271
4816
133
1018
5408
5887
5502
2052
1790
5563
2333
6281
4583
2103
4487
5306
3414
1737
5717
3088
1539
715
3267
5995
4297
1389
188
3643
4402
272
1444
759
5058
2672
2766
1010
5710
2045
4755
5247
4324
619
4562
2452
2238
53
5341
4938
2468
2828
3406
4281
2717
5504
5224
5532
4382
1378
2198
2820
3007
4841
2101
5217
1106
4992
925
1151
5649
4807
550
4060
5567
183
1048
989
3233
5946
4114
4922
1397
668
1953
3130
5646
2107
5811
3944
5364
3405
3178
5323
138
2727
1043
859
3198
3803
5721
6188
1756
2212
2507
4825
641
6219
6259
5798
658
2174
2112
4526
2081
2354
4376
981
4015
2563
2420
4053
5344
2982
581
5455
2758
2711
2917
5042
2871
4949
1562
5879
4773
4646
1511
2514
964
2582
4905
3657
1864
4719
1105
262
5978
3867
5236
2210
5629
2272
5525
6243
3386
1807
3883
4316
4477
1987
6198
2546
5326
5229
5375
1463
84
484
204
4625
2529
4760
5280
1394
694
1920
260
848
5285
3534
1235
345
4738
3115
398
4116
1044
4902
1582
5007
3294
5687
733
5583
4756
2203
2883
6212
575
5232
4330
5194
2199
4520
850
3781
1779
1659
2301
786
5436
4972
1956
5013
2167
1438
5600
4858
4108
1180
788
3713
2453
2980
1625
5310
3361
3281
4927
4420
5312
4959
3906
4146
2596
4563
1985
4047
579
1559
1872
2437
1247
2623
4334
6074
4484
5473
6244
1234
6067
4740
5165
4345
1650
1531
6144
4628
1990
643
4257
3013
5857
5538
3321
2157
1190
3772
140
1216
1962
1541
2330
573
6063
944
1416
1670
6135
6041
1820
2605
2336
4245
5119
5530
2997
3010
5370
2031
1365
3231
5519
5588
4568
4224
2821
5577
3645
3972
656
3476
5613
4977
3526
684
1327
1758
956
4154
868
2310
2550
2123
4263
5795
4488
4654
6016
3033
6150
1171
2312
1633
5846
2416
4867
3859
162
899
3499
4892
2576
5010
6194
1265
1648
5415
2439
3036
5269
5090
3034
4362
4789
4180
4800
2765
2149
2216
1618
963
4084
2325
966
3996
6037
2236
1603
4464
1404
4416
403
1698
5386
1141
4540
5843
911
1317
5803
5836
809
1777
1478
1457
1594
4254
3215
5459
274
81
5990
206
6076
1486
3140
3467
5383
3371
3422
4523
2283
3725
1498
3929
69
78
2046
1513
5377
224
1644
5877
2460
5802
3008
4810
2364
1705
5673
1740
2169
2289
765
2944
1914
3346
4235
1983
5244
5864
2254
393
2378
2014
2610
5048
4620
5881
766
3641
466
1569
6224
4228
3331
4803
784
2978
4896
1123
4391
258
4311
4653
5939
1806
4365
6203
479
453
4650
2721
780
3541
961
2209
3777
5517
1002
2426
2482
1204
281
309
4004
94
171
2780
1181
4720
1241
2320
1321
318
591
2220
2540
1760
2244
2599
4501
5651
5797
871
3454
3715
3485
3190
3718
313
4320
2382
3998
4694
369
1787
3584
3504
1427
3225
5057
1253
1734
3676
5809
685
2977
3351
838
2728
1556
1767
3779
1934
1052
4491
1856
5874
5521
1131
5230
2070
2853
1780
936
1238
5558
174
1248
4294
5589
3519
61
3395
5749
4090
3338
4352
928
1083
5495
4450
3629
3924
4655
679
5680
5267
6233
569
664
5662
6001
504
5902
2252
4461
1266
5991
170
5998
4071
913
5738
3208
846
1803
5926
2778
5296
5288
3071
2658
3933
2915
5985
4440
3447
1534
6163
2055
1976
3730
3716
5537
4970
5161
3994
1419
2316
941
4118
1982
70
1250
2207
2239
3659
4849
5144
6164
5638
57
5293
5657
1570
5756
3165
1393
32
2148
5272
4147
4543
1947
1880
2369
5775
3539
1724
2506
1179
4504
3754
5847
1781
62
5360
1278
1789
4333
3038
4468
2276
2685
4179
1602
4386
283
3236
1260
4759
5453
1257
3416
1149
3151
505
1188
3832
4973
1303
3314
1752
2748
2512
2706
997
473
3934
1614
2894
4305
2020
4397
6017
3740
2109
4205
6167
660
1041
3102
2351
1104
2812
1442
3290
6208
4170
3644
1992
4370
2128
612
2130
4699
4392
5824
2950
295
2847
3285
2305
4947
1095
517
4128
4984
3305
5249
3914
4544
3646
527
824
417
261
243
2927
5450
1391
3194
5431
2282
3121
869
1919
4722
4900
2876
3680
1335
6274
1036
3555
5751
1954
1528
4594
2126
1817
2511
3600
632
2560
1943
3605
4104
4799
5278
4688
1411
